x <- c(1 ,2, 3)
y <- 5

z <-  x * y

x2 <- 4
