x <- c(1 ,2, 3)
y <- 5

z <- x * y 

x3<- 6
